# lines begin with # (or blank) are ignored
# each line represents a set of points that needs to be connected to form a steiner tree
# the format is (x, y) where x, y are of integer type
# the first point of each line is considered as the root/source of the tree

(6, 64) (-107, -255) (257, -29)
(36, 266) (-17, 221) (141, 182)
(36, 266) (-137, 221) (141, 182)
(-69, -49) (18, 228) (-318, -123) (-230, 90)
(-65, -295) (-44, -328) (31, 103) (-253, -177)
(105, 318) (77, 272) (-18, 230) (145, 174)
(-18, 230) (105, 318) (77, 272) (145, 174)
(-286, -89) (278, -244) (230, -325) (-32, 278) (-261, -247)
(4, 300) (-335, -245) (152, 171) (30, -189) (-66, 235)
(9, 298) (-66, 235) (80, 204) (-34, 165) (173, 148)
(80, 204) (-66, 235) (9, 298) (-34, 165) (173, 148)
(264, 133) (167, 349) (-223, -46) (89, -23) (-198, -85) (-165, -304)
(-311, 133) (-167, 216) (-214, -301) (-79, 249) (300, 162) (-52, -19)
(16, 304) (122, 292) (44, 298) (-29, 247) (-12, 200) (115, 227)
(115, 227) (-12, 200) (-29, 247) (44, 298) (122, 292) (16, 304)
(-58, -241) (321, -308) (324, -8) (-149, 329) (315, 337) (281, 181) (-231, -263)
(-160, -131) (-111, 131) (-182, 63) (-210, -343) (42, -224) (335, 280) (-188, -231)
(76, -251) (-266, 99) (24, -248) (-141, -8) (179, 226) (-85, 252) (-145, -330) (-62, 180) (278, 319) (180, -212)
(-141, -8) (76, -251) (-266, 99) (24, -248) (179, 226) (-85, 252) (-145, -330) (-62, 180) (278, 319) (180, -212)
(341, 145) (94, 24) (-316, -221) (116, 341) (1, -111) (349, -141) (-4, -344) (118, 199) (-199, -77) (154, -1) (-28, -13) (-216, 273) (-206, 266) (-103, -153) (342, 90)
(-216, 273) (341, 145) (94, 24) (-316, -221) (116, 341) (1, -111) (349, -141) (-4, -344) (118, 199) (-199, -77) (154, -1) (-28, -13) (-206, 266) (-103, -153) (342, 90)
(317, 7) (-105, -198) (-292, 250) (-94, 56) (298, 107) (198, 346) (-197, 204) (204, 252) (242, 299) (85, -35) (-127, -320) (90, 216) (83, 129) (337, -102) (-173, 32) (140, -206) (-310, -315) (98, -100) (285, -346) (-242, 233) 
(-105, -198) (317, 7) (-292, 250) (-94, 56) (298, 107) (198, 346) (-197, 204) (204, 252) (242, 299) (85, -35) (-127, -320) (90, 216) (83, 129) (337, -102) (-173, 32) (140, -206) (-310, -315) (98, -100) (285, -346) (-242, 233)
(-203, -277) (-238, 280) (59, -218) (-14, -26) (-145, -166) (-248, -184) (-125, 267) (-190, 325) (317, 23) (192, -307) (-128, -111) (99, -233) (150, 125) (80, 66) (118, 328) (-177, -283) (-299, 87) (348, 262) (-329, 136) (-113, -124) (-227, -11) (194, -2) (-93, -193) (126, 26) (180, -32)
(-329, 136) (-203, -277) (-238, 280) (59, -218) (-14, -26) (-145, -166) (-248, -184) (-125, 267) (-190, 325) (317, 23) (192, -307) (-128, -111) (99, -233) (150, 125) (80, 66) (118, 328) (-177, -283) (-299, 87) (348, 262) (-113, -124) (-227, -11) (194, -2) (-93, -193) (126, 26) (180, -32)
(-171, -52) (-61, 308) (47, 202) (341, 15) (-195, 237) (81, 286) (109, 183) (-23, -306) (67, 317) (209, -1) (301, 280) (162, 173) (272, 73) (-344, 179) (80, 319) (68, -288) (-83, -191) (-330, 314) (-339, -187) (131, -31) (-300, 14) (-95, 160) (-1, -316) (204, -284) (-197, 215) (218, -93) (146, 30) (-270, 220) (-247, -112) (201, 336)
(204, -284) (-171, -52) (-61, 308) (47, 202) (341, 15) (-195, 237) (81, 286) (109, 183) (-23, -306) (67, 317) (209, -1) (301, 280) (162, 173) (272, 73) (-344, 179) (80, 319) (68, -288) (-83, -191) (-330, 314) (-339, -187) (131, -31) (-300, 14) (-95, 160) (-1, -316) (-197, 215) (218, -93) (146, 30) (-270, 220) (-247, -112) (201, 336)
(-337, -296) (-337, -308) (123, -264) (-120, -151) (-234, -253) (-294, -110) (-282, -101) (-229, 294) (-89, -279) (-154, -142) (-97, 124) (-164, 253) (184, 208) (-36, -66) (-178, 280) (117, -164) (334, 282) (30, 107) (-180, 261) (-241, -63) (-190, -33) (329, 31) (-331, -250) (-25, -70) (-179, 171) (138, 226) (98, -224) (282, -68) (-214, -104) (-331, -41) (-174, 136) (297, -189) (221, -23) (-280, -309) (40, -19)
(117, -164) (-337, -296) (-337, -308) (123, -264) (-120, -151) (-234, -253) (-294, -110) (-282, -101) (-229, 294) (-89, -279) (-154, -142) (-97, 124) (-164, 253) (184, 208) (-36, -66) (-178, 280) (334, 282) (30, 107) (-180, 261) (-241, -63) (-190, -33) (329, 31) (-331, -250) (-25, -70) (-179, 171) (138, 226) (98, -224) (282, -68) (-214, -104) (-331, -41) (-174, 136) (297, -189) (221, -23) (-280, -309) (40, -19)
(-291, -194) (-101, 84) (303, -65) (69, 136) (107, 39) (257, -154) (227, -253) (-67, 190) (-167, 208) (-169, -40) (-108, -185) (283, 27) (311, -173) (-180, 56) (224, 149) (69, -265) (305, 318) (321, -290) (55, 192) (348, -188) (-119, 256) (160, -90) (-347, -257) (-250, -164) (301, -69) (299, -4) (249, 232) (-175, -338) (-139, 148) (68, -113) (-53, -213) (124, 54) (-93, 95) (115, 312) (-63, 113) (-74, 320) (19, -264) (-120, 175) (-19, 133) (-339, 84)
(-74, 320) (-291, -194) (-101, 84) (303, -65) (69, 136) (107, 39) (257, -154) (227, -253) (-67, 190) (-167, 208) (-169, -40) (-108, -185) (283, 27) (311, -173) (-180, 56) (224, 149) (69, -265) (305, 318) (321, -290) (55, 192) (348, -188) (-119, 256) (160, -90) (-347, -257) (-250, -164) (301, -69) (299, -4) (249, 232) (-175, -338) (-139, 148) (68, -113) (-53, -213) (124, 54) (-93, 95) (115, 312) (-63, 113) (19, -264) (-120, 175) (-19, 133) (-339, 84)
